7500.0            
7519.609591143901 
7539.381046597082 
7559.317556547916 
7579.422416439559 
7599.699031887572 
7620.150923896631 
7640.781734398814 
7661.595232138038 
7682.595318927432 
7703.786036308902 
7725.167878905194 
7746.727622314353 
7768.468749838933 
7790.394858825908 
7812.509665953025 
7834.817012834081 
7857.32087196694  
7880.025353050247 
7902.934709697119 
7926.051578641839 
7949.368113203848 
7972.888355179867 
7996.616483182999 
8020.556819202148 
8044.713835570909 
8069.092162377591 
8093.696595350947 
8118.532104259466 
8143.592392914011 
8168.878242868008 
8194.394396193695 
8220.145761702037 
8246.137423250186 
8272.374648588113 
8298.862898787822 
8325.607838302658 
8352.599448508314 
8379.842291307801 
8407.341804590942 
8435.103623101759 
8463.133588539675 
8491.437760336206 
8520.022427163149 
8548.881954500706 
8578.017147191616 
8607.434095834784 
8637.139116045102 
8667.138760239843 
8697.439830229847 
8728.049390683647 
8758.95746984527  
8790.16914488436  
8821.691279090508 
8853.53099516054  
8885.695689103286 
8918.19304511627  
8951.019905235464 
8984.174963175934 
9017.665720409615 
9051.499964941546 
9085.685786832804 
9120.23159482019  
9155.133798155495 
9190.391838770407 
9226.013958294412 
9262.008717228442 
9298.385012445084 
9335.152095941574 
9372.298200604688 
9409.831128251244 
9447.759975830682 
9486.094197534636 
9524.84362470016  
9564.003376897148 
9603.574544878275 
9643.566808625092 
9683.990228134637 
9724.85526458279  
9766.158037845566 
9807.899250697477 
9850.089243029875 
9892.738761286664 
9935.858981139383 
9979.439964076539 
10023.488082060709
10068.014366113248
10113.030281172947
10158.540077249025
10204.536344306029
10251.030411846816
10298.034048285093
10345.55948505505 
10393.59265524816 
10442.144066616323
10491.225794820039
10540.850383109782
10591.007240699604
10641.703357669303
10692.951108696821
10744.76333959704 
10797.127860152636
10850.052960124292
10903.55129126418 
10957.633991661842
11012.285856708757
11067.51931437949 
11123.34724095316 
11179.770047925187
11236.782383150816
11294.39684678889 
11352.62648288278 
11411.456099912519
11470.895019468624
11530.955957077815
11591.63535174968 
11652.929814638772
11714.851665454737
11777.405884512655
11840.58005867293 
11904.386080047012
11968.833973568106
12033.905195791433
12099.611155005652
12165.96359852545 
12232.940739160545
12300.553227449875
12368.811942134682
12437.694723162522
12507.211814193375
12577.370260752634
12648.150086802545
12719.56087571732 
12791.603178076648
12864.261588259114
12937.544969925346
13011.44497269442 
13085.953272792913
13161.077970433142
13236.800083881555
13313.120650094967
13390.041136500216
13467.540088335303
13545.62388642714 
13624.27949337283 
13703.498742284924
13783.285768078349
13863.614409959186
13944.489396423205
14025.897304767022
14107.827362516133
14190.280437162048
14273.230845762959
14356.681774961504
14440.614677132295
14525.021877647905
14609.896535513117
14695.218564913346
14780.989811037356
14867.182079539418
14953.794866454562
15040.810665616164
15128.218875498123
15216.010549625578
15304.16581376098 
15392.683573263466
15481.535829281525
15570.72250729759 
15660.220354957517
15750.022972217337
15840.114402664258
15930.481698742418
16021.114912148578
16111.994976632002
16203.11754423594 
16294.458333677134
16386.016451932068
16477.766195900716
16569.70502423336 
16661.812420472746
16754.081197021493
16846.495875490178
16939.045283622945
17031.718087025838
17124.499142911638
17217.38136680997 
17310.346514967296
17403.391370801048
17496.495020141025
17589.656947452404
17682.854698813615
17776.087083297498
17869.3355336     
17962.595799922212